x <-
structure(list(Name = c("rahul", "vishwa"), age = c(19, 18), 
    gender = c("male", "male")), class = "data.frame", row.names = c(NA, 
-2L))
y <-
structure(list(mpg = c(21, 21, 22.800000000000001, 21.399999999999999, 
18.699999999999999, 18.100000000000001, 14.300000000000001, 24.399999999999999, 
22.800000000000001, 19.199999999999999, 17.800000000000001, 16.399999999999999, 
17.300000000000001, 15.199999999999999, 10.4, 10.4, 14.699999999999999, 
32.399999999999999, 30.399999999999999, 33.899999999999999, 21.5, 
15.5, 15.199999999999999, 13.300000000000001, 19.199999999999999, 
27.300000000000001, 26, 30.399999999999999, 15.800000000000001, 
19.699999999999999, 15, 21.399999999999999), cyl = c(6, 6, 4, 
6, 8, 6, 8, 4, 4, 6, 6, 8, 8, 8, 8, 8, 8, 4, 4, 4, 4, 8, 8, 8, 
8, 4, 4, 4, 8, 6, 8, 4), disp = c(160, 160, 108, 258, 360, 225, 
360, 146.69999999999999, 140.80000000000001, 167.59999999999999, 
167.59999999999999, 275.80000000000001, 275.80000000000001, 275.80000000000001, 
472, 460, 440, 78.700000000000003, 75.700000000000003, 71.099999999999994, 
120.09999999999999, 318, 304, 350, 400, 79, 120.3, 95.099999999999994, 
351, 145, 301, 121), hp = c(110, 110, 93, 110, 175, 105, 245, 
62, 95, 123, 123, 180, 180, 180, 205, 215, 230, 66, 52, 65, 97, 
150, 150, 245, 175, 66, 91, 113, 264, 175, 335, 109), drat = c(3.8999999999999999, 
3.8999999999999999, 3.8500000000000001, 3.0800000000000001, 3.1499999999999999, 
2.7599999999999998, 3.21, 3.6899999999999999, 3.9199999999999999, 
3.9199999999999999, 3.9199999999999999, 3.0699999999999998, 3.0699999999999998, 
3.0699999999999998, 2.9300000000000002, 3, 3.23, 4.0800000000000001, 
4.9299999999999997, 4.2199999999999998, 3.7000000000000002, 2.7599999999999998, 
3.1499999999999999, 3.73, 3.0800000000000001, 4.0800000000000001, 
4.4299999999999997, 3.77, 4.2199999999999998, 3.6200000000000001, 
3.54, 4.1100000000000003), wt = c(2.6200000000000001, 2.875, 
2.3199999999999998, 3.2149999999999999, 3.4399999999999999, 3.46, 
3.5699999999999998, 3.1899999999999999, 3.1499999999999999, 3.4399999999999999, 
3.4399999999999999, 4.0700000000000003, 3.73, 3.7799999999999998, 
5.25, 5.4240000000000004, 5.3449999999999998, 2.2000000000000002, 
1.615, 1.835, 2.4649999999999999, 3.52, 3.4350000000000001, 3.8399999999999999, 
3.8450000000000002, 1.9350000000000001, 2.1400000000000001, 1.5129999999999999, 
3.1699999999999999, 2.77, 3.5699999999999998, 2.7799999999999998
), qsec = c(16.460000000000001, 17.02, 18.609999999999999, 19.440000000000001, 
17.02, 20.219999999999999, 15.84, 20, 22.899999999999999, 18.300000000000001, 
18.899999999999999, 17.399999999999999, 17.600000000000001, 18, 
17.98, 17.82, 17.420000000000002, 19.469999999999999, 18.52, 
19.899999999999999, 20.010000000000002, 16.870000000000001, 17.300000000000001, 
15.41, 17.050000000000001, 18.899999999999999, 16.699999999999999, 
16.899999999999999, 14.5, 15.5, 14.6, 18.600000000000001), vs = c(0, 
0, 1, 1, 0, 1, 0, 1, 1, 1, 1, 0, 0, 0, 0, 0, 0, 1, 1, 1, 1, 0, 
0, 0, 0, 1, 0, 1, 0, 0, 0, 1), am = c(1, 1, 1, 0, 0, 0, 0, 0, 
0, 0, 0, 0, 0, 0, 0, 0, 0, 1, 1, 1, 0, 0, 0, 0, 0, 1, 1, 1, 1, 
1, 1, 1), gear = c(4, 4, 4, 3, 3, 3, 3, 4, 4, 4, 4, 3, 3, 3, 
3, 3, 3, 4, 4, 4, 3, 3, 3, 3, 3, 4, 5, 5, 5, 5, 5, 4), carb = c(4, 
4, 1, 1, 2, 1, 4, 2, 2, 4, 4, 3, 3, 3, 4, 4, 4, 1, 2, 1, 1, 2, 
2, 4, 2, 1, 2, 2, 4, 6, 8, 2)), row.names = c("Mazda RX4", "Mazda RX4 Wag", 
"Datsun 710", "Hornet 4 Drive", "Hornet Sportabout", "Valiant", 
"Duster 360", "Merc 240D", "Merc 230", "Merc 280", "Merc 280C", 
"Merc 450SE", "Merc 450SL", "Merc 450SLC", "Cadillac Fleetwood", 
"Lincoln Continental", "Chrysler Imperial", "Fiat 128", "Honda Civic", 
"Toyota Corolla", "Toyota Corona", "Dodge Challenger", "AMC Javelin", 
"Camaro Z28", "Pontiac Firebird", "Fiat X1-9", "Porsche 914-2", 
"Lotus Europa", "Ford Pantera L", "Ferrari Dino", "Maserati Bora", 
"Volvo 142E"), class = "data.frame")
